Index | Similarity
------------------
    0 | 1.00000
    1 | 1.00000
    2 | 1.00000
    3 | 1.00000
    4 | 1.00000
    5 | 1.00000
    6 | 1.00000
    7 | 1.00000
    8 | 1.00000
    9 | 1.00000
   10 | 1.00000
   11 | 1.00000
   12 | 1.00000
   13 | 1.00000
   14 | 1.00000
   15 | 1.00000
   16 | 1.00000
   17 | 1.00000
   18 | 1.00000
   19 | 1.00000
   20 | 0.98185
   21 | 0.99098
   22 | 0.99433
   23 | 0.99164
   24 | 0.99894
   25 | 0.99507
   26 | 0.99967
   27 | 0.99904
   28 | 0.99996
   29 | 0.99999
   30 | 0.99998
   31 | 0.99988
   32 | 0.99989
   33 | 0.99995
   34 | 0.99999
   35 | 0.99996
   36 | 0.99982
   37 | 0.99996
   38 | 0.99953
   39 | 1.00000
   40 | 0.99995
   41 | 0.99985
   42 | 0.99979
   43 | 0.99973
   44 | 0.99997
   45 | 0.99985
   46 | 0.99975
   47 | 0.99994
   48 | 0.99898
   49 | 0.99999
   50 | 0.99923
   51 | 0.99999
   52 | 0.99989
   53 | 0.99965
   54 | 0.99981
   55 | 0.99962
   56 | 0.99976
   57 | 0.99977
   58 | 0.99939
   59 | 0.99999
   60 | 0.99961
   61 | 0.99979
   62 | 0.99863
   63 | 0.99999
   64 | 0.99998
   65 | 0.99965
   66 | 0.99923
   67 | 0.99870
   68 | 0.99979
   69 | 0.99998
   70 | 0.99927
   71 | 0.99960
   72 | 0.99995
   73 | 0.99774
   74 | 0.99999
   75 | 0.99985
   76 | 0.99968
   77 | 0.99907
   78 | 0.99980
   79 | 0.99999
   80 | 0.99998
   81 | 0.99981
   82 | 0.85128
   83 | 1.00000
   84 | 1.00000
   85 | 1.00000
   86 | 1.00000
   87 | 1.00000
   88 | 1.00000
   89 | 1.00000
   90 | 1.00000
   91 | 1.00000
   92 | 1.00000
   93 | 1.00000
   94 | 1.00000
   95 | 1.00000
   96 | 1.00000
   97 | 1.00000
   98 | 1.00000
   99 | 1.00000
  100 | 1.00000
  101 | 1.00000
  102 | -0.05103
  103 | 0.99991
  104 | 0.99986
  105 | 0.99983
  106 | 0.99954
  107 | 0.99974
  108 | 0.99981
  109 | 0.99946
  110 | 0.99931
  111 | 0.99924
  112 | 0.99944
  113 | 0.99927
  114 | 0.99948
  115 | 0.99958
  116 | 0.99930
  117 | 0.99745
  118 | 0.99603
  119 | 0.99974
  120 | 0.99973
  121 | 0.99929
  122 | 0.99973
  123 | 0.99965
  124 | 0.99980
  125 | 0.99987
  126 | 0.99989
  127 | 0.99992
  128 | 0.99988
  129 | 0.99986
  130 | 0.99992
  131 | 0.99986
  132 | 0.99985
  133 | 0.99992
  134 | 0.99987
  135 | 0.99985
  136 | 0.99977
  137 | 0.99978
  138 | 0.99984
  139 | 0.99972
  140 | 0.99996
  141 | 0.99986
  142 | 0.99986
  143 | 0.99980
  144 | 0.99988
  145 | 0.99990
  146 | 0.99984
  147 | 0.99981
  148 | 0.99981
  149 | 0.99967
  150 | 0.99973
  151 | 0.99996
  152 | 0.99994
  153 | 0.99991
  154 | 0.99986
  155 | 0.99991
  156 | 0.99982
  157 | 0.99980
  158 | 0.99981
  159 | 0.99976
  160 | 0.99996
  161 | 0.99988
  162 | 0.99338
  163 | 0.99708
  164 | 0.99985
  165 | 0.99958
  166 | 0.99981
  167 | 0.99923
  168 | 0.99976
  169 | 0.99973
  170 | 0.99985
  171 | 0.99811
  172 | 0.99995
  173 | 0.99889
  174 | 0.99998
  175 | 0.99956
  176 | 0.99993
  177 | 0.99982
  178 | 0.99992
  179 | 0.99987
  180 | 0.99995
  181 | 0.99997
  182 | 0.99994
  183 | 0.99988
  184 | 0.99995
  185 | 0.99995
  186 | 0.99996
  187 | 0.99986
  188 | 0.99997
  189 | 0.99994
  190 | 0.99992
  191 | 0.99979
  192 | 0.99980
  193 | 0.99996
  194 | 0.99997
  195 | 0.99997
  196 | 0.99985
  197 | 0.99997
  198 | 0.99999
  199 | 0.99992
  200 | 0.99997
  201 | 0.99997
  202 | 0.99996
  203 | 0.99978
  204 | 0.99983
  205 | 0.99981
  206 | 0.99994
  207 | 0.99991
  208 | 0.99994
  209 | 0.99990
  210 | 0.99997
  211 | 0.99973
  212 | 0.99987
  213 | 0.99989
  214 | 0.99985
  215 | 0.99992
  216 | 0.99997
  217 | 0.99987
  218 | 0.99985
  219 | 0.99996
  220 | 0.99994
  221 | 0.99994
  222 | 0.99997
  223 | 0.99994
  224 | 0.99992
  225 | 0.99992
  226 | 0.99996
  227 | 0.99991
  228 | 0.99998
  229 | 0.99990
  230 | 0.99993
  231 | 0.99996
  232 | 0.99985
  233 | 0.99987
  234 | 0.99997
  235 | 0.99986
  236 | 0.99987
  237 | 0.99986
  238 | 0.99985
  239 | 0.99995
  240 | 0.99993
  241 | 0.99997
  242 | 0.99992
  243 | 0.99997
  244 | 0.99996
  245 | 0.99995
  246 | 0.99998
  247 | 0.99986
  248 | 0.99991
  249 | 0.99993
  250 | 0.99989
  251 | 0.99983
  252 | 0.99991
  253 | 0.99987
  254 | 0.99984
  255 | 0.99974
  256 | 0.99987
  257 | 0.99991
  258 | 0.99990
  259 | 0.99989
  260 | 0.99989
  261 | 0.99992
  262 | 0.99997
  263 | 0.99993
  264 | 0.99998
  265 | 0.99997
  266 | 0.99998
  267 | 0.99970
  268 | 0.99970
  269 | 0.99994
  270 | 0.99994
  271 | 0.99995
  272 | 0.99990
  273 | 0.99988
  274 | 0.99996
  275 | 0.99991
  276 | 0.99990
  277 | 0.99993
  278 | 0.99987
  279 | 0.99991
  280 | 0.99984
  281 | 0.99987
  282 | 0.99985
  283 | 0.99993
  284 | 0.99993
  285 | 0.99988
  286 | 0.99992
  287 | 0.99988
  288 | 0.99988
  289 | 0.99991
  290 | 0.99996
  291 | 0.99992
  292 | 0.99991
  293 | 0.99989
  294 | 0.99988
  295 | 0.99983
  296 | 0.99983
  297 | 0.99978
  298 | 0.99994
  299 | 0.99995
  300 | 0.99994
  301 | 0.99993
  302 | 0.99993
  303 | 0.99994
  304 | 0.99993
  305 | 0.99996
  306 | 0.99996
  307 | 0.99993
  308 | 0.99987
  309 | 0.99991
  310 | 0.99991
  311 | 0.99986
  312 | 0.99983
  313 | 0.99986
  314 | 0.99989
  315 | 0.99983
  316 | 0.99985
  317 | 0.99986
  318 | 0.99995
  319 | 0.99977
  320 | 0.99988
  321 | 0.99989
  322 | 0.99990
  323 | 0.99981
  324 | 0.99980
  325 | 0.99980
  326 | 0.99989
  327 | 0.99677
  328 | 0.99752
  329 | 0.99997
  330 | 0.99988
  331 | 0.99951
  332 | 0.99982
  333 | 0.99993
  334 | 0.99992
  335 | 0.99993
  336 | 0.99990
  337 | 0.99994
  338 | 0.99991
  339 | 0.99992
  340 | 0.99993
  341 | 0.99992
  342 | 0.99995
  343 | 0.99983
  344 | 0.99983
  345 | 0.99998
  346 | 0.99997
  347 | 0.99997
  348 | 0.99950
  349 | 0.99986
  350 | 0.99987
  351 | 0.99987
  352 | 0.99997
  353 | 0.99997
  354 | 0.99997
  355 | 0.99994
  356 | 0.99996
  357 | 0.99997
  358 | 0.99993
  359 | 0.99994
  360 | 0.99993
  361 | 0.99980
  362 | 0.99980
  363 | 0.99997
  364 | 0.99996
  365 | 0.99995
  366 | 0.99996
  367 | 0.99995
  368 | 0.99994
  369 | 0.99998
  370 | 0.99997
  371 | 0.99998
  372 | 0.99993
  373 | 0.99998
  374 | 0.99997
  375 | 0.99997
  376 | 0.99984
  377 | 0.99988
  378 | 0.99989
  379 | 0.99982
  380 | 0.99996
  381 | 0.99998
  382 | 0.99995
  383 | 0.99997
  384 | 0.99995
  385 | 0.99995
  386 | 0.99997
  387 | 0.99991
  388 | 0.99987
  389 | 0.99986
  390 | 0.99996
  391 | 0.99996
  392 | 0.99986
  393 | 0.99997
  394 | 0.99994
  395 | 0.99993
  396 | 0.99999
  397 | 0.99997
  398 | 0.99997
  399 | 0.99999
  400 | 0.99993
  401 | 0.99995
  402 | 0.99997
  403 | 0.99991
  404 | 0.99996
  405 | 0.99995
  406 | 0.99995
  407 | 0.99998
  408 | 0.99994
  409 | 0.99990
  410 | 0.99990
  411 | 0.99998
  412 | 0.99996
  413 | 0.99993
  414 | 0.99996
  415 | 0.99995
  416 | 0.99993
  417 | 0.99994
  418 | 0.99989
  419 | 0.99991
  420 | 0.99996
  421 | 0.99996
  422 | 0.99997
  423 | 0.99998
  424 | 0.99996
  425 | 0.99995
  426 | 0.99991
  427 | 0.99972
  428 | 0.99973
  429 | 0.99992
  430 | 0.99983
  431 | 0.99992
  432 | 0.99983
  433 | 0.99991
  434 | 0.99990
  435 | 0.99990
  436 | 0.99993
  437 | 0.99997
  438 | 0.99993
  439 | 0.99998
  440 | 0.99988
  441 | 0.99990
  442 | 0.99996
  443 | 0.99994
  444 | 0.99996
  445 | 0.99996
  446 | 0.99998
  447 | 0.99997
  448 | 0.99990
  449 | 0.99998
  450 | 0.99993
  451 | 0.99994
  452 | 0.99988
  453 | 0.99992
  454 | 0.99982
  455 | 0.99981
  456 | 0.99994
  457 | 0.99996
  458 | 0.99994
  459 | 0.99996
  460 | 0.99995
  461 | 0.99996
  462 | 0.99994
  463 | 0.99997
  464 | 0.99998
  465 | 0.99995
  466 | 0.99996
  467 | 0.99997
  468 | 0.99997
  469 | 0.99995
  470 | 0.99995
  471 | 0.99995
  472 | 0.99993
  473 | 0.99997
  474 | 0.99994
  475 | 0.99994
  476 | 0.99994
  477 | 0.99995
  478 | 0.99995
  479 | 0.99993
  480 | 0.99978
  481 | 0.99989
  482 | 0.99983
  483 | 0.99983
  484 | 0.99981
  485 | 0.99985
  486 | 0.99974
  487 | 0.99970
  488 | 0.99989
  489 | 0.99992
  490 | 0.99985
  491 | 0.99992
  492 | 0.99621
  493 | 0.99840
  494 | 0.99997
  495 | 0.99989
  496 | 0.99958
  497 | 0.99989
  498 | 0.99996
  499 | 0.99982
  500 | 0.99990
  501 | 0.99988
  502 | 0.99997
  503 | 0.99993
  504 | 0.99998
  505 | 0.99987
  506 | 0.99996
  507 | 0.99996
  508 | 0.99989
  509 | 0.99986
  510 | 0.99986
  511 | 0.99973
  512 | 0.99985
  513 | 0.99909
  514 | 0.99960
  515 | 0.99986
  516 | 0.99982
  517 | 0.99909
  518 | 0.99990
  519 | 0.99980
  520 | 0.99995
  521 | 0.99983
  522 | 0.99985
  523 | 0.99988
  524 | 0.99988
  525 | 0.99992
  526 | 0.99994
  527 | 0.99995
  528 | 0.99994
  529 | 0.99995
  530 | 0.99996
  531 | 0.99995
  532 | 0.99996
  533 | 0.99987
  534 | 0.99991
  535 | 0.99982
  536 | 0.99985
  537 | 0.99993
  538 | 0.99977
  539 | 0.99985
  540 | 0.99997
  541 | 0.99989
  542 | 0.99994
  543 | 0.99995
  544 | 0.99988
  545 | 0.99986
  546 | 0.99994
  547 | 0.99996
  548 | 0.99992
  549 | 0.99995
  550 | 0.99996
  551 | 0.99996
  552 | 0.99995
  553 | 0.99985
  554 | 0.99987
  555 | 0.99991
  556 | 0.99995
  557 | 0.99996
  558 | 0.99990
  559 | 0.99993
  560 | 0.99993
  561 | 0.99998
  562 | 0.99997
  563 | 0.99997
  564 | 0.99998
  565 | 0.99995
  566 | 0.99997
  567 | 0.99990
  568 | 0.99991
  569 | 0.99987
  570 | 0.99987
  571 | 0.99995
  572 | 0.99995
  573 | 0.99999
  574 | 0.99997
  575 | 0.99995
  576 | 0.99998
  577 | 0.99977
  578 | 0.99991
  579 | 0.99990
  580 | 0.99993
  581 | 0.99977
  582 | 0.99988
  583 | 0.99992
  584 | 0.99996
  585 | 0.99977
  586 | 0.99982
  587 | 0.99994
  588 | 0.99997
  589 | 0.99995
  590 | 0.99996
  591 | 0.99993
  592 | 0.99990
  593 | 0.99996
  594 | 0.99997
  595 | 0.99993
  596 | 0.99996
  597 | 0.99998
  598 | 0.99995
  599 | 0.99983
  600 | 0.99997
  601 | 0.99988
  602 | 0.99987
  603 | 0.99988
  604 | 0.99988
  605 | 0.99961
  606 | 0.99986
  607 | 0.99988
  608 | 0.99995
  609 | 0.99998
  610 | 0.99979
  611 | 0.99982
  612 | 0.99994
  613 | 0.99996
  614 | 0.99996
  615 | 0.99997
  616 | 0.99996
  617 | 0.99994
  618 | 0.99995
  619 | 0.99990
  620 | 0.99990
  621 | 0.99991
  622 | 0.99993
  623 | 0.99996
  624 | 0.99996
  625 | 0.99990
  626 | 0.99992
  627 | 0.99986
  628 | 0.99989
  629 | 0.99994
  630 | 0.99990
  631 | 0.99987
  632 | 0.99988
  633 | 0.99985
  634 | 0.99990
  635 | 0.99991
  636 | 0.99996
  637 | 0.99994
  638 | 0.99988
  639 | 0.99989
  640 | 0.99993
  641 | 0.99993
  642 | 0.99992
  643 | 0.99993
  644 | 0.99995
  645 | 0.99993
  646 | 0.99994
  647 | 0.99995
  648 | 0.99998
  649 | 0.99994
  650 | 0.99994
  651 | 0.99995
  652 | 0.99995
  653 | 0.99975
  654 | 0.99984
  655 | 0.99989
  656 | 0.99991
  657 | 0.99400
  658 | 0.99867
  659 | 0.99994
  660 | 0.99953
  661 | 0.99996
  662 | 0.99993
  663 | 0.99998
  664 | 0.99993
  665 | 0.99974
  666 | 0.99991
  667 | 0.99994
  668 | 0.99996
  669 | 0.99996
  670 | 0.99995
  671 | 0.99998
  672 | 0.99996
  673 | 0.99998
  674 | 0.99995
  675 | 0.99997
  676 | 0.99985
  677 | 0.99998
  678 | 0.99996
  679 | 0.99986
  680 | 0.99997
  681 | 0.99997
  682 | 0.99996
  683 | 0.99997
  684 | 0.99998
  685 | 0.99995
  686 | 0.99998
  687 | 0.99998
  688 | 0.99999
  689 | 0.99998
  690 | 0.99998
  691 | 0.99998
  692 | 0.99987
  693 | 0.99990
  694 | 0.99981
  695 | 0.99993
  696 | 0.99992
  697 | 0.99991
  698 | 0.99978
  699 | 0.99977
  700 | 0.99993
  701 | 0.99994
  702 | 0.99995
  703 | 0.99996
  704 | 0.99997
  705 | 0.99998
  706 | 0.99985
  707 | 0.99991
  708 | 0.99996
  709 | 0.99986
  710 | 0.99999
  711 | 0.99999
  712 | 0.99997
  713 | 0.99996
  714 | 0.99996
  715 | 0.99999
  716 | 0.99999
  717 | 0.99996
  718 | 0.99999
  719 | 0.99997
  720 | 0.99997
  721 | 0.99994
  722 | 0.99992
  723 | 0.99994
  724 | 0.99990
  725 | 0.99995
  726 | 0.99992
  727 | 0.99995
  728 | 0.99994
  729 | 0.99998
  730 | 0.99989
  731 | 0.99992
  732 | 0.99986
  733 | 0.99994
  734 | 0.99979
  735 | 0.99986
  736 | 0.99991
  737 | 0.99983
  738 | 0.99884
  739 | 0.99979
  740 | 0.99989
  741 | 0.99991
  742 | 0.99997
  743 | 0.99997
  744 | 0.99996
  745 | 0.99985
  746 | 0.99993
  747 | 0.99992
  748 | 0.99991
  749 | 0.99992
  750 | 0.99993
  751 | 0.99981
  752 | 0.99990
  753 | 0.99990
  754 | 0.99993
  755 | 0.99989
  756 | 0.99991
  757 | 0.99995
  758 | 0.99990
  759 | 0.99990
  760 | 0.99990
  761 | 0.99990
  762 | 0.99982
  763 | 0.99986
  764 | 0.99988
  765 | 0.99987
  766 | 0.99994
  767 | 0.99994
  768 | 0.99994
  769 | 0.99993
  770 | 0.99996
  771 | 0.99994
  772 | 0.99988
  773 | 0.99995
  774 | 0.99992
  775 | 0.99995
  776 | 0.99987
  777 | 0.99988
  778 | 0.99991
  779 | 0.99996
  780 | 0.99995
  781 | 0.99994
  782 | 0.99995
  783 | 0.99996
  784 | 0.99992
  785 | 0.99995
  786 | 0.99994
  787 | 0.99987
  788 | 0.99992
  789 | 0.99995
  790 | 0.99990
  791 | 0.99988
  792 | 0.99990
  793 | 0.99989
  794 | 0.99993
  795 | 0.99996
  796 | 0.99997
  797 | 0.99994
  798 | 0.99994
  799 | 0.99988
  800 | 0.99993
  801 | 0.99990
  802 | 0.99981
  803 | 0.99989
  804 | 0.99986
  805 | 0.99987
  806 | 0.99991
  807 | 0.99984
  808 | 0.99985
  809 | 0.99991
  810 | 0.99997
  811 | 0.99997
  812 | 0.99996
  813 | 0.99999
  814 | 0.99996
  815 | 0.99996
  816 | 0.99998
  817 | 0.99998
  818 | 0.99995
  819 | 0.99998
  820 | 0.99995
  821 | 0.99999
  822 | 0.99613
  823 | 0.99880
  824 | 0.99998
  825 | 0.99998
  826 | 0.99951
  827 | 0.99995
  828 | 0.99997
  829 | 0.99995
  830 | 0.99995
  831 | 0.99994
  832 | 0.99997
  833 | 0.99998
  834 | 0.99996
  835 | 0.99996
  836 | 0.99996
  837 | 0.99999
  838 | 0.99999
  839 | 0.99998
  840 | 0.99999
  841 | 0.99995
  842 | 0.99995
  843 | 0.99997
  844 | 0.99998
  845 | 0.99998
  846 | 0.99999
  847 | 0.99997
  848 | 0.99996
  849 | 0.99997
  850 | 0.99998
  851 | 0.99989
  852 | 0.99993
  853 | 0.99983
  854 | 0.99988
  855 | 0.99981
  856 | 0.99985
  857 | 0.99976
  858 | 0.99980
  859 | 0.99978
  860 | 0.99981
  861 | 0.99988
  862 | 0.99989
  863 | 0.99984
  864 | 0.99987
  865 | 0.99993
  866 | 0.99996
  867 | 0.99990
  868 | 0.99988
  869 | 0.99993
  870 | 0.99993
  871 | 0.99992
  872 | 0.99988
  873 | 0.99989
  874 | 0.99983
  875 | 0.99958
  876 | 0.99991
  877 | 0.99986
  878 | 0.99989
  879 | 0.99992
  880 | 0.99994
  881 | 0.99988
  882 | 0.99989
  883 | 0.99996
  884 | 0.99990
  885 | 0.99985
  886 | 0.99997
  887 | 0.99993
  888 | 0.99990
  889 | 0.99996
  890 | 0.99996
  891 | 0.99986
  892 | 0.99993
  893 | 0.99988
  894 | 0.99990
  895 | 0.99993
  896 | 0.99995
  897 | 0.99991
  898 | 0.99989
  899 | 0.99988
  900 | 0.99988
  901 | 0.99990
  902 | 0.99995
  903 | 0.99990
  904 | 0.99990
  905 | 0.99992
  906 | 0.99991
  907 | 0.99994
  908 | 0.99997
  909 | 0.99994
  910 | 0.99994
  911 | 0.99989
  912 | 0.99990
  913 | 0.99976
  914 | 0.99987
  915 | 0.99958
  916 | 0.99986
  917 | 0.99990
  918 | 0.99994
  919 | 0.99991
  920 | 0.99988
  921 | 0.99987
  922 | 0.99996
  923 | 0.99986
  924 | 0.99991
  925 | 0.99983
  926 | 0.99995
  927 | 0.99996
  928 | 0.99995
  929 | 0.99997
  930 | 0.99996
  931 | 0.99998
  932 | 0.99993
  933 | 0.99994
  934 | 0.99998
  935 | 0.99994
  936 | 0.99994
  937 | 0.99991
  938 | 0.99988
  939 | 0.99993
  940 | 0.99998
  941 | 0.99997
  942 | 0.99996
  943 | 0.99995
  944 | 0.99989
  945 | 0.99987
  946 | 0.99994
  947 | 0.99987
  948 | 0.99991
  949 | 0.99991
  950 | 0.99991
  951 | 0.99987
  952 | 0.99991
  953 | 0.99989
  954 | 0.99995
  955 | 0.99995
  956 | 0.99995
  957 | 0.99989
  958 | 0.99991
  959 | 0.99995
  960 | 0.99996
  961 | 0.99992
  962 | 0.99996
  963 | 0.99990
  964 | 0.99988
  965 | 0.99997
  966 | 0.99991
  967 | 0.99995
  968 | 0.99992
  969 | 0.99998
  970 | 0.99992
  971 | 0.99996
  972 | 0.99997
  973 | 0.99995
  974 | 0.99995
  975 | 0.99998
  976 | 0.99997
  977 | 0.99996
  978 | 0.99999
  979 | 0.99995
  980 | 0.99996
  981 | 0.99999
  982 | 0.99998
  983 | 0.99999
  984 | 0.99999
  985 | 0.99999
  986 | 0.99998
  987 | 0.99610
  988 | 0.99859
  989 | 0.99998
  990 | 0.99999
  991 | 0.99996
  992 | 0.99972
  993 | 0.99997
  994 | 1.00000
  995 | 1.00000
  996 | 1.00000
  997 | 0.99999
  998 | 0.99999
  999 | 1.00000
 1000 | 1.00000
 1001 | 1.00000
 1002 | 0.99999
 1003 | 1.00000
 1004 | 1.00000
 1005 | 1.00000
 1006 | 0.99999
 1007 | 0.99999
 1008 | 1.00000
 1009 | 0.99989
 1010 | 0.99990
 1011 | 0.99998
 1012 | 0.99984
 1013 | 0.99998
 1014 | 0.99998
 1015 | 1.00000
 1016 | 0.99999
 1017 | 0.99999
 1018 | 0.99985
 1019 | 0.99994
 1020 | 0.99998
 1021 | 0.99989
 1022 | 0.99989
 1023 | 0.99984
 1024 | 0.99989
 1025 | 0.99988
 1026 | 0.99996
 1027 | 0.99995
 1028 | 1.00000
 1029 | 1.00000
 1030 | 0.99994
 1031 | 0.99994
 1032 | 1.00000
 1033 | 0.99997
 1034 | 0.99998
 1035 | 0.99998
 1036 | 0.99993
 1037 | 0.99990
 1038 | 0.99993
 1039 | 0.99999
 1040 | 0.99997
 1041 | 0.99998
 1042 | 0.99998
 1043 | 1.00000
 1044 | 0.99995
 1045 | 0.99995
 1046 | 1.00000
 1047 | 1.00000
 1048 | 1.00000
 1049 | 1.00000
 1050 | 1.00000
 1051 | 0.99999
 1052 | 0.99999
 1053 | 1.00000
 1054 | 1.00000
 1055 | 0.99998
 1056 | 0.99998
 1057 | 0.99999
 1058 | 0.99999
 1059 | 1.00000
 1060 | 1.00000
 1061 | 1.00000
 1062 | 0.99999
 1063 | 0.99999
 1064 | 0.99997
 1065 | 0.99997
 1066 | 0.99999
 1067 | 0.99999
 1068 | 0.99994
 1069 | 0.99980
 1070 | 0.99976
 1071 | 0.99988
 1072 | 0.99978
 1073 | 0.99987
 1074 | 0.99997
 1075 | 0.99993
 1076 | 0.99994
 1077 | 0.99988
 1078 | 0.99952
 1079 | 0.99953
 1080 | 0.99973
 1081 | 0.99913
 1082 | 0.99937
 1083 | 0.99979
 1084 | 0.99955
 1085 | 0.99906
 1086 | 0.99957
 1087 | 0.99959
 1088 | 0.99947
 1089 | 0.99981
 1090 | 0.99959
 1091 | 0.99976
 1092 | 0.99948
 1093 | 0.99963
 1094 | -0.05108
 1095 | 1.00000
 1096 | 1.00000
 1097 | 1.00000
 1098 | 1.00000
 1099 | 1.00000
 1100 | 1.00000
 1101 | 1.00000
 1102 | 1.00000
 1103 | 1.00000
 1104 | 1.00000
 1105 | 1.00000
 1106 | 1.00000
 1107 | 1.00000
 1108 | 1.00000
 1109 | 1.00000
 1110 | 1.00000
 1111 | 1.00000
 1112 | 1.00000
 1113 | 1.00000
 1114 | 1.00000
 1115 | 1.00000
 1116 | 1.00000
 1117 | 1.00000
 1118 | 1.00000
 1119 | 1.00000
 1120 | 1.00000
 1121 | 1.00000
 1122 | 1.00000
 1123 | 1.00000
 1124 | 1.00000
 1125 | 1.00000
 1126 | 1.00000
 1127 | -0.05345
 1128 | 0.99990
 1129 | 0.99984
 1130 | 0.99985
 1131 | 0.99983
 1132 | 0.99979
 1133 | 0.99964
 1134 | 0.99935
 1135 | 0.99946
 1136 | 0.99971
 1137 | 0.99989
 1138 | 0.99968
 1139 | 0.99957
 1140 | 0.99960
 1141 | 0.99961
 1142 | 0.99584
 1143 | 0.99847
 1144 | 0.99964
 1145 | 0.99824
 1146 | 0.99995
 1147 | 0.99984
 1148 | 0.99996
 1149 | 0.99988
 1150 | 0.99983
 1151 | 0.99986
 1152 | 0.99982
 1153 | 0.99985
 1154 | 0.99990
 1155 | 0.99984
 1156 | 0.99981
 1157 | 0.99983
 1158 | 0.99978
 1159 | 0.99994
 1160 | 0.99990
 1161 | 0.99985
 1162 | 0.99987
 1163 | 0.99990
 1164 | 0.99992
 1165 | 0.99992
 1166 | 0.99995
 1167 | 0.99993
 1168 | 0.99977
 1169 | 0.99982
 1170 | 0.99987
 1171 | 0.99975
 1172 | 0.99972
 1173 | 0.99978
 1174 | 0.99996
 1175 | 0.99992
 1176 | 0.99994
 1177 | 0.99988
 1178 | 0.99994
 1179 | 0.99992
 1180 | 0.99994
 1181 | 0.99992
 1182 | 0.99982
 1183 | 0.99994
 1184 | 0.99984
 1185 | 0.99987
 1186 | 0.99991
 1187 | 0.99986
 1188 | 0.99984
 1189 | 0.99988
 1190 | 0.99992
 1191 | 0.99987
 1192 | 0.99985
 1193 | 0.99986
 1194 | 0.99992
 1195 | 0.99972
 1196 | 0.99980
 1197 | 0.99984
 1198 | 0.99981
 1199 | 0.99969
 1200 | 0.99974
 1201 | 0.99983
 1202 | 0.99981
 1203 | 0.99969
 1204 | 0.99989
 1205 | 0.99988
 1206 | 0.99995
 1207 | 0.99970
 1208 | 0.99972
 1209 | 0.99989
 1210 | 0.99982
 1211 | 0.99979
 1212 | 0.99977
 1213 | 0.99985
 1214 | 0.99991
 1215 | 0.99982
 1216 | 0.99975
 1217 | 0.99988
 1218 | 0.99997
 1219 | 0.99985
 1220 | 0.99990
 1221 | 0.99992
 1222 | 0.99989
 1223 | 0.99996
 1224 | 0.99994
 1225 | 0.99981
 1226 | 0.99998
 1227 | 0.99971
 1228 | 0.99988
 1229 | 0.99991
 1230 | 0.99991
 1231 | 0.99994
 1232 | 0.99995
 1233 | 0.99985
 1234 | 0.99982
 1235 | 0.99996
 1236 | 0.99986
 1237 | 0.99985
 1238 | 0.99984
 1239 | 0.99982
 1240 | 0.99976
 1241 | 0.99982
 1242 | 0.99987
 1243 | 0.99946
 1244 | 0.99977
 1245 | 0.99977
 1246 | 0.99987
 1247 | 0.99988
 1248 | 0.99988
 1249 | 0.99966
 1250 | 0.99989
 1251 | 0.99967
 1252 | 0.99988
 1253 | 0.99990
 1254 | 0.99978
 1255 | 0.99981
 1256 | 0.99994
 1257 | 0.99990
 1258 | 0.99988
 1259 | 0.99979
 1260 | 0.99993
 1261 | 0.99990
 1262 | 0.99989
 1263 | 0.99985
 1264 | 0.99986
 1265 | 0.99988
 1266 | 0.99991
 1267 | 0.99987
 1268 | 0.99991
 1269 | 0.99990
 1270 | 0.99981
 1271 | 0.99975
 1272 | 0.99976
 1273 | 0.99993
 1274 | 0.99987
 1275 | 0.99995
 1276 | 0.99992
 1277 | 0.99987
 1278 | 0.99990
 1279 | 0.99994
 1280 | 0.99987
 1281 | 0.99993
 1282 | 0.99994
 1283 | 0.99992
 1284 | 0.99991
 1285 | 0.99988
 1286 | 0.99988
 1287 | 0.99982
 1288 | 0.99981
 1289 | 0.99997
 1290 | 0.99996
 1291 | 0.99995
 1292 | 0.99993
 1293 | 0.99988
 1294 | 0.99994
 1295 | 0.99982
 1296 | 0.99984
 1297 | 0.99984
 1298 | 0.99987
 1299 | 0.99978
 1300 | 0.99980
 1301 | 0.99992
 1302 | 0.99987
 1303 | 0.99989
 1304 | 0.99992
 1305 | 0.99996
 1306 | 0.99991
 1307 | 0.99517
 1308 | 0.99900
 1309 | 0.99903
 1310 | 0.99971
 1311 | 0.99961
 1312 | 0.99988
 1313 | 0.99984
 1314 | 0.99990
 1315 | 0.99983
 1316 | 0.99995
 1317 | 0.99996
 1318 | 0.99983
 1319 | 0.99987
 1320 | 0.99992
 1321 | 0.99998
 1322 | 0.99977
 1323 | 0.99979
 1324 | 0.99996
 1325 | 0.99992
 1326 | 0.99983
 1327 | 0.99998
 1328 | 0.99975
 1329 | 0.99976
 1330 | 0.99992
 1331 | 0.99987
 1332 | 0.99982
 1333 | 0.99980
 1334 | 0.99982
 1335 | 0.99994
 1336 | 0.99972
 1337 | 0.99978
 1338 | 0.99978
 1339 | 0.99972
 1340 | 0.99998
 1341 | 0.99995
 1342 | 0.99982
 1343 | 0.99988
 1344 | 0.99983
 1345 | 0.99989
 1346 | 0.99989
 1347 | 0.99990
 1348 | 0.99901
 1349 | 0.99975
 1350 | 0.99967
 1351 | 0.99976
 1352 | 0.99983
 1353 | 0.99982
 1354 | 0.99981
 1355 | 0.99980
 1356 | 0.99992
 1357 | 0.99992
 1358 | 0.99977
 1359 | 0.99972
 1360 | 0.99979
 1361 | 0.99990
 1362 | 0.99988
 1363 | 0.99984
 1364 | 0.99987
 1365 | 0.99982
 1366 | 0.99980
 1367 | 0.99979
 1368 | 0.99981
 1369 | 0.99980
 1370 | 0.99982
 1371 | 0.99969
 1372 | 0.99976
 1373 | 0.99983
 1374 | 0.99982
 1375 | 0.99983
 1376 | 0.99983
 1377 | 0.99988
 1378 | 0.99988
 1379 | 0.99990
 1380 | 0.99989
 1381 | 0.99983
 1382 | 0.99983
 1383 | 0.99995
 1384 | 0.99983
 1385 | 0.99988
 1386 | 0.99980
 1387 | 0.99982
 1388 | 0.99991
 1389 | 0.99993
 1390 | 0.99992
 1391 | 0.99983
 1392 | 0.99958
 1393 | 0.99980
 1394 | 0.99992
 1395 | 0.99994
 1396 | 0.99987
 1397 | 0.99975
 1398 | 0.99973
 1399 | 0.99991
 1400 | 0.99979
 1401 | 0.99974
 1402 | 0.99984
 1403 | 0.99979
 1404 | 0.99973
 1405 | 0.99978
 1406 | 0.99970
 1407 | 0.99989
 1408 | 0.99959
 1409 | 0.99961
 1410 | 0.99971
 1411 | 0.99979
 1412 | 0.99995
 1413 | 0.99989
 1414 | 0.99993
 1415 | 0.99983
 1416 | 0.99994
 1417 | 0.99981
 1418 | 0.99995
 1419 | 0.99996
 1420 | 0.99977
 1421 | 0.99989
 1422 | 0.99991
 1423 | 0.99994
 1424 | 0.99994
 1425 | 0.99988
 1426 | 0.99983
 1427 | 0.99990
 1428 | 0.99986
 1429 | 0.99994
 1430 | 0.99998
 1431 | 0.99997
 1432 | 0.99993
 1433 | 0.99995
 1434 | 0.99996
 1435 | 0.99996
 1436 | 0.99978
 1437 | 0.99981
 1438 | 0.99996
 1439 | 0.99999
 1440 | 0.99996
 1441 | 0.99996
 1442 | 0.99996
 1443 | 0.99997
 1444 | 0.99998
 1445 | 0.99997
 1446 | 0.99990
 1447 | 0.99997
 1448 | 0.99998
 1449 | 0.99993
 1450 | 0.99979
 1451 | 0.99981
 1452 | 0.99975
 1453 | 0.99970
 1454 | 0.99970
 1455 | 0.99965
 1456 | 0.99938
 1457 | 0.99984
 1458 | 0.99991
 1459 | 0.99983
 1460 | 0.99978
 1461 | 0.99980
 1462 | 0.99983
 1463 | 0.99984
 1464 | 0.99976
 1465 | 0.99981
 1466 | 0.99983
 1467 | 0.99990
 1468 | 0.99957
 1469 | 0.99982
 1470 | 0.99970
 1471 | 0.99983
 1472 | 0.99689
 1473 | 0.99882
 1474 | 0.99989
 1475 | 0.99992
 1476 | 0.99804
 1477 | 0.99987
 1478 | 0.99982
 1479 | 0.99980
 1480 | 0.99983
 1481 | 0.99984
 1482 | 0.99975
 1483 | 0.99983
 1484 | 0.99982
 1485 | 0.99987
 1486 | 0.99988
 1487 | 0.99986
 1488 | 0.99993
 1489 | 0.99983
 1490 | 0.99990
 1491 | 0.99982
 1492 | 0.99995
 1493 | 0.99988
 1494 | 0.99990
 1495 | 0.99991
 1496 | 0.99991
 1497 | 0.99975
 1498 | 0.99974
 1499 | 0.99990
 1500 | 0.99985
 1501 | 0.99995
 1502 | 0.99997
 1503 | 0.99993
 1504 | 0.99984
 1505 | 0.99995
 1506 | 0.99996
 1507 | 0.99996
 1508 | 0.99998
 1509 | 0.99979
 1510 | 0.99983
 1511 | 0.99993
 1512 | 0.99997
 1513 | 0.99994
 1514 | 0.99996
 1515 | 0.99995
 1516 | 0.99994
 1517 | 0.99991
 1518 | 0.99981
 1519 | 0.99983
 1520 | 0.99985
 1521 | 0.99992
 1522 | 0.99991
 1523 | 0.99998
 1524 | 0.99992
 1525 | 0.99983
 1526 | 0.99984
 1527 | 0.99992
 1528 | 0.99992
 1529 | 0.99996
 1530 | 0.99975
 1531 | 0.99988
 1532 | 0.99985
 1533 | 0.99992
 1534 | 0.99992
 1535 | 0.99990
 1536 | 0.99990
 1537 | 0.99989
 1538 | 0.99991
 1539 | 0.99996
 1540 | 0.99997
 1541 | 0.99980
 1542 | 0.99980
 1543 | 0.99985
 1544 | 0.99991
 1545 | 0.99984
 1546 | 0.99988
 1547 | 0.99985
 1548 | 0.99997
 1549 | 0.99931
 1550 | 0.99983
 1551 | 0.99987
 1552 | 0.99990
 1553 | 0.99994
 1554 | 0.99988
 1555 | 0.99988
 1556 | 0.99995
 1557 | 0.99962
 1558 | 0.99977
 1559 | 0.99984
 1560 | 0.99964
 1561 | 0.99966
 1562 | 0.99958
 1563 | 0.99973
 1564 | 0.99979
 1565 | 0.99942
 1566 | 0.99957
 1567 | 0.99982
 1568 | 0.99986
 1569 | 0.99982
 1570 | 0.99986
 1571 | 0.99984
 1572 | 0.99988
 1573 | 0.99973
 1574 | 0.99980
 1575 | 0.99988
 1576 | 0.99996
 1577 | 0.99954
 1578 | 0.99969
 1579 | 0.99978
 1580 | 0.99988
 1581 | 0.99979
 1582 | 0.99979
 1583 | 0.99988
 1584 | 0.99997
 1585 | 0.99981
 1586 | 0.99978
 1587 | 0.99972
 1588 | 0.99996
 1589 | 0.99985
 1590 | 0.99980
 1591 | 0.99985
 1592 | 0.99989
 1593 | 0.99986
 1594 | 0.99965
 1595 | 0.99981
 1596 | 0.99977
 1597 | 0.99986
 1598 | 0.99989
 1599 | 0.99992
 1600 | 0.99996
 1601 | 0.99969
 1602 | 0.99976
 1603 | 0.99985
 1604 | 0.99974
 1605 | 0.99980
 1606 | 0.99981
 1607 | 0.99972
 1608 | 0.99989
 1609 | 0.99982
 1610 | 0.99982
 1611 | 0.99985
 1612 | 0.99993
 1613 | 0.99998
 1614 | 0.99987
 1615 | 0.99973
 1616 | 0.99988
 1617 | 0.99989
 1618 | 0.99988
 1619 | 0.99998
 1620 | 0.99998
 1621 | 0.99997
 1622 | 0.99996
 1623 | 0.99984
 1624 | 0.99984
 1625 | 0.99983
 1626 | 0.99968
 1627 | 0.99990
 1628 | 0.99995
 1629 | 0.99980
 1630 | 0.99994
 1631 | 0.99997
 1632 | 0.99991
 1633 | 0.99981
 1634 | 0.99985
 1635 | 0.99978
 1636 | 0.99982
 1637 | 0.99521
 1638 | 0.99851
 1639 | 0.99858
 1640 | 0.99966
 1641 | 0.99977
 1642 | 0.99982
 1643 | 0.99985
 1644 | 0.99991
 1645 | 0.99990
 1646 | 0.99996
 1647 | 0.99986
 1648 | 0.99985
 1649 | 0.99998
 1650 | 0.99994
 1651 | 0.99998
 1652 | 0.99997
 1653 | 0.99997
 1654 | 0.99997
 1655 | 0.99997
 1656 | 0.99988
 1657 | 0.99988
 1658 | 0.99996
 1659 | 0.99996
 1660 | 0.99992
 1661 | 0.99993
 1662 | 0.99996
 1663 | 0.99992
 1664 | 0.99980
 1665 | 0.99993
 1666 | 0.99982
 1667 | 0.99982
 1668 | 0.99974
 1669 | 0.99983
 1670 | 0.99987
 1671 | 0.99976
 1672 | 0.99985
 1673 | 0.99984
 1674 | 0.99992
 1675 | 0.99977
 1676 | 0.99976
 1677 | 0.99980
 1678 | 0.99973
 1679 | 0.99973
 1680 | 0.99987
 1681 | 0.99986
 1682 | 0.99977
 1683 | 0.99985
 1684 | 0.99981
 1685 | 0.99987
 1686 | 0.99977
 1687 | 0.99975
 1688 | 0.99985
 1689 | 0.99987
 1690 | 0.99982
 1691 | 0.99984
 1692 | 0.99974
 1693 | 0.99983
 1694 | 0.99988
 1695 | 0.99986
 1696 | 0.99986
 1697 | 0.99991
 1698 | 0.99973
 1699 | 0.99986
 1700 | 0.99985
 1701 | 0.99992
 1702 | 0.99994
 1703 | 0.99989
 1704 | 0.99983
 1705 | 0.99992
 1706 | 0.99949
 1707 | 0.99961
 1708 | 0.99989
 1709 | 0.99990
 1710 | 0.99986
 1711 | 0.99992
 1712 | 0.99986
 1713 | 0.99992
 1714 | 0.99992
 1715 | 0.99991
 1716 | 0.99990
 1717 | 0.99989
 1718 | 0.99986
 1719 | 0.99987
 1720 | 0.99972
 1721 | 0.99977
 1722 | 0.99985
 1723 | 0.99992
 1724 | 0.99992
 1725 | 0.99989
 1726 | 0.99980
 1727 | 0.99989
 1728 | 0.99982
 1729 | 0.99974
 1730 | 0.99982
 1731 | 0.99983
 1732 | 0.99983
 1733 | 0.99986
 1734 | 0.99980
 1735 | 0.99988
 1736 | 0.99986
 1737 | 0.99988
 1738 | 0.99974
 1739 | 0.99982
 1740 | 0.99978
 1741 | 0.99994
 1742 | 0.99975
 1743 | 0.99981
 1744 | 0.99988
 1745 | 0.99983
 1746 | 0.99979
 1747 | 0.99989
 1748 | 0.99986
 1749 | 0.99995
 1750 | 0.99992
 1751 | 0.99991
 1752 | 0.99984
 1753 | 0.99989
 1754 | 0.99987
 1755 | 0.99984
 1756 | 0.99979
 1757 | 0.99982
 1758 | 0.99997
 1759 | 0.99996
 1760 | 0.99994
 1761 | 0.99997
 1762 | 0.99975
 1763 | 0.99985
 1764 | 0.99997
 1765 | 0.99988
 1766 | 0.99989
 1767 | 0.99979
 1768 | 0.99985
 1769 | 0.99996
 1770 | 0.99989
 1771 | 0.99986
 1772 | 0.99985
 1773 | 0.99981
 1774 | 0.99974
 1775 | 0.99974
 1776 | 0.99982
 1777 | 0.99986
 1778 | 0.99988
 1779 | 0.99972
 1780 | 0.99977
 1781 | 0.99989
 1782 | 0.99984
 1783 | 0.99964
 1784 | 0.99981
 1785 | 0.99994
 1786 | 0.99971
 1787 | 0.99973
 1788 | 0.99981
 1789 | 0.99972
 1790 | 0.99993
 1791 | 0.99991
 1792 | 0.99978
 1793 | 0.99992
 1794 | 0.99986
 1795 | 0.99993
 1796 | 0.99991
 1797 | 0.99996
 1798 | 0.99987
 1799 | 0.99987
 1800 | 0.99983
 1801 | 0.99981
 1802 | 0.99658
 1803 | 0.99887
 1804 | 0.99994
 1805 | 0.99991
 1806 | 0.99826
 1807 | 0.99986
 1808 | 0.99998
 1809 | 0.99968
 1810 | 0.99976
 1811 | 0.99983
 1812 | 0.99967
 1813 | 0.99974
 1814 | 0.99977
 1815 | 0.99978
 1816 | 0.99985
 1817 | 0.99993
 1818 | 0.99994
 1819 | 0.99993
 1820 | 0.99997
 1821 | 0.99989
 1822 | 0.99994
 1823 | 0.99994
 1824 | 0.99982
 1825 | 0.99982
 1826 | 0.99995
 1827 | 0.99965
 1828 | 0.99980
 1829 | 0.99997
 1830 | 0.99995
 1831 | 0.99990
 1832 | 0.99995
 1833 | 0.99968
 1834 | 0.99965
 1835 | 0.99968
 1836 | 0.99994
 1837 | 0.99976
 1838 | 0.99974
 1839 | 0.99988
 1840 | 0.99972
 1841 | 0.99974
 1842 | 0.99980
 1843 | 0.99984
 1844 | 0.99985
 1845 | 0.99985
 1846 | 0.99970
 1847 | 0.99888
 1848 | 0.99967
 1849 | 0.99974
 1850 | 0.99982
 1851 | 0.99973
 1852 | 0.99974
 1853 | 0.99987
 1854 | 0.99987
 1855 | 0.99983
 1856 | 0.99980
 1857 | 0.99965
 1858 | 0.99987
 1859 | 0.99969
 1860 | 0.99989
 1861 | 0.99988
 1862 | 0.99990
 1863 | 0.99939
 1864 | 0.99951
 1865 | 0.99977
 1866 | 0.99983
 1867 | 0.99983
 1868 | 0.99985
 1869 | 0.99983
 1870 | 0.99976
 1871 | 0.99982
 1872 | 0.99975
 1873 | 0.99988
 1874 | 0.99986
 1875 | 0.99983
 1876 | 0.99992
 1877 | 0.99988
 1878 | 0.99985
 1879 | 0.99972
 1880 | 0.99974
 1881 | 0.99987
 1882 | 0.99986
 1883 | 0.99984
 1884 | 0.99996
 1885 | 0.99995
 1886 | 0.99997
 1887 | 0.99984
 1888 | 0.99997
 1889 | 0.99993
 1890 | 0.99991
 1891 | 0.99995
 1892 | 0.99990
 1893 | 0.99984
 1894 | 0.99982
 1895 | 0.99981
 1896 | 0.99981
 1897 | 0.99980
 1898 | 0.99982
 1899 | 0.99983
 1900 | 0.99979
 1901 | 0.99984
 1902 | 0.99997
 1903 | 0.99993
 1904 | 0.99992
 1905 | 0.99986
 1906 | 0.99989
 1907 | 0.99996
 1908 | 0.99997
 1909 | 0.99998
 1910 | 0.99999
 1911 | 0.99991
 1912 | 0.99989
 1913 | 0.99988
 1914 | 0.99997
 1915 | 0.99995
 1916 | 0.99988
 1917 | 0.99990
 1918 | 0.99989
 1919 | 0.99996
 1920 | 0.99991
 1921 | 0.99978
 1922 | 0.99980
 1923 | 0.99975
 1924 | 0.99974
 1925 | 0.99987
 1926 | 0.99968
 1927 | 0.99990
 1928 | 0.99990
 1929 | 0.99984
 1930 | 0.99972
 1931 | 0.99971
 1932 | 0.99991
 1933 | 0.99993
 1934 | 0.99994
 1935 | 0.99991
 1936 | 0.99981
 1937 | 0.99983
 1938 | 0.99983
 1939 | 0.99993
 1940 | 0.99992
 1941 | 0.99985
 1942 | 0.99989
 1943 | 0.99993
 1944 | 0.99991
 1945 | 0.99992
 1946 | 0.99994
 1947 | 0.99990
 1948 | 0.99986
 1949 | 0.99979
 1950 | 0.99993
 1951 | 0.99986
 1952 | 0.99989
 1953 | 0.99985
 1954 | 0.99989
 1955 | 0.99995
 1956 | 0.99977
 1957 | 0.99982
 1958 | 0.99995
 1959 | 0.99994
 1960 | 0.99988
 1961 | 0.99992
 1962 | 0.99997
 1963 | 0.99988
 1964 | 0.99994
 1965 | 0.99995
 1966 | 0.99993
 1967 | 0.99687
 1968 | 0.99859
 1969 | 0.99994
 1970 | 0.99992
 1971 | 0.99898
 1972 | 0.99991
 1973 | 0.99989
 1974 | 0.99979
 1975 | 0.99982
 1976 | 0.99974
 1977 | 0.99960
 1978 | 0.99953
 1979 | 0.99979
 1980 | 0.99989
 1981 | 0.99994
 1982 | 0.99993
 1983 | 0.99993
 1984 | 0.99985
 1985 | 0.99995
 1986 | 0.99988
 1987 | 0.99985
 1988 | 0.99998
 1989 | 0.99999
 1990 | 0.99997
 1991 | 0.99982
 1992 | 0.99977
 1993 | 0.99993
 1994 | 0.99990
 1995 | 0.99991
 1996 | 0.99959
 1997 | 0.99980
 1998 | 0.99980
 1999 | 0.99987
 2000 | 0.99998
 2001 | 0.99999
 2002 | 0.99988
 2003 | 0.99986
 2004 | 0.99997
 2005 | 0.99992
 2006 | 0.99989
 2007 | 0.99990
 2008 | 0.99996
 2009 | 0.99987
 2010 | 0.99987
 2011 | 0.99998
 2012 | 0.99980
 2013 | 0.99976
 2014 | 0.99994
 2015 | 0.99999
 2016 | 0.99987
 2017 | 0.99982
 2018 | 0.99987
 2019 | 0.99988
 2020 | 0.99983
 2021 | 0.99981
 2022 | 0.99977
 2023 | 0.99994
 2024 | 0.99979
 2025 | 0.99984
 2026 | 0.99988
 2027 | 0.99980
 2028 | 0.99981
 2029 | 0.99990
 2030 | 0.99985
 2031 | 0.99995
 2032 | 0.99990
 2033 | 0.99996
 2034 | 0.99983
 2035 | 0.99987
 2036 | 0.99994
 2037 | 0.99992
 2038 | 0.99992
 2039 | 0.99995
 2040 | 0.99983
 2041 | 0.99985
 2042 | 0.99991
 2043 | 0.99987
 2044 | 0.99994
 2045 | 0.99990
 2046 | 0.99987
 2047 | 0.99995
 2048 | 0.99996
 2049 | 0.99995
 2050 | 0.99994
 2051 | 0.99998
 2052 | 0.99986
 2053 | 0.99988
 2054 | 0.99986
 2055 | 0.99990
 2056 | 0.99982
 2057 | 0.99989
 2058 | 0.99987
 2059 | 0.99987
 2060 | 0.99983
 2061 | 0.99983
 2062 | 0.99985
 2063 | 0.99978
 2064 | 0.99977
 2065 | 0.99989
 2066 | 0.99985
 2067 | 0.99989
 2068 | 0.99997
 2069 | 0.99993
 2070 | 0.99994
 2071 | 0.99998
 2072 | 0.99990
 2073 | 0.99988
 2074 | 0.99984
 2075 | 0.99997
 2076 | 0.99998
 2077 | 0.99998
 2078 | 0.99998
 2079 | 0.99998
 2080 | 0.99994
 2081 | 0.99996
 2082 | 0.99998
 2083 | 0.99984
 2084 | 0.99990
 2085 | 0.99991
 2086 | 0.99994
 2087 | 0.99982
 2088 | 0.99982
 2089 | 0.99991
 2090 | 0.99993
 2091 | 0.99998
 2092 | 0.99999
 2093 | 0.99996
 2094 | 0.99986
 2095 | 0.99985
 2096 | 0.99997
 2097 | 0.99999
 2098 | 0.99994
 2099 | 0.99994
 2100 | 0.99987
 2101 | 0.99987
 2102 | 0.99998
 2103 | 0.99989
 2104 | 0.99972
 2105 | 0.99997
 2106 | 0.99993
 2107 | 0.99990
 2108 | 0.99999
 2109 | 0.99999
 2110 | 0.99998
 2111 | 0.99998
 2112 | 0.99999
 2113 | 1.00000
 2114 | 1.00000
 2115 | 0.99999
 2116 | 1.00000
 2117 | 1.00000
 2118 | 1.00000
 2119 | 1.00000
 2120 | 0.99995
 2121 | 0.99999
 2122 | 0.99996
 2123 | 0.99994
 2124 | 0.99985
 2125 | 0.99994
 2126 | 0.99996
 2127 | 0.99993
 2128 | 0.99997
 2129 | 0.99997
 2130 | 0.99995
 2131 | 0.99993
 2132 | 0.99736
 2133 | 0.99929
 2134 | 0.99978
 2135 | 0.99982
 2136 | 0.99988
 2137 | 0.99982
 2138 | 0.99999
 2139 | 0.99998
 2140 | 0.99988
 2141 | 0.99988
 2142 | 0.99997
 2143 | 0.99997
 2144 | 0.99999
 2145 | 0.99990
 2146 | 0.99976
 2147 | 0.99999
 2148 | 1.00000
 2149 | 0.99996
 2150 | 0.99992
 2151 | 0.99993
 2152 | 0.99987
 2153 | 0.99973
 2154 | 0.99990
 2155 | 0.99995
 2156 | 0.99995
 2157 | 0.99997
 2158 | 0.99924
 2159 | 0.99994
 2160 | 0.99977
 2161 | 0.99971
 2162 | 0.99980
 2163 | 0.99990
 2164 | 0.99987
 2165 | 0.99963
 2166 | 0.99963
 2167 | 0.99967
 2168 | 0.99599
 2169 | 0.99939
 2170 | 0.99872
 2171 | 0.99983
 2172 | 0.99972
 2173 | 0.99973
 2174 | 0.99988
 2175 | 0.99983
 2176 | 0.99967
 2177 | 0.99985
 2178 | 0.99969
 2179 | 0.99991
 2180 | 0.99993
 2181 | 0.99978
 2182 | 0.99977
 2183 | 0.99994
 2184 | 0.99981
 2185 | 0.99979
 2186 | 0.99993
 2187 | 0.99971
 2188 | 0.99965
 2189 | 0.99990
 2190 | 0.99995
 2191 | 0.99996
 2192 | 0.99997
 2193 | 0.99904
 2194 | -0.05560
 2195 | 1.00000
 2196 | 1.00000
 2197 | 1.00000
 2198 | 1.00000
 2199 | 1.00000
 2200 | 1.00000
 2201 | 1.00000
 2202 | 1.00000
 2203 | 1.00000
 2204 | 1.00000
 2205 | 1.00000
 2206 | 1.00000
 2207 | 1.00000
 2208 | 1.00000
 2209 | 1.00000
 2210 | 1.00000
 2211 | 1.00000
 2212 | 1.00000
 2213 | 1.00000
 2214 | 1.00000
 2215 | 1.00000
 2216 | 1.00000
 2217 | 1.00000
 2218 | 1.00000
 2219 | 1.00000
 2220 | 1.00000
 2221 | 1.00000
 2222 | 1.00000
 2223 | 1.00000
 2224 | 1.00000
 2225 | 1.00000
 2226 | 1.00000
 2227 | 1.00000
 2228 | 1.00000
 2229 | 1.00000
 2230 | 1.00000
 2231 | 1.00000
 2232 | 1.00000
 2233 | 1.00000
 2234 | 1.00000
 2235 | 1.00000
 2236 | 1.00000
 2237 | 1.00000
 2238 | 1.00000
 2239 | 1.00000
 2240 | 1.00000
 2241 | 1.00000
 2242 | 1.00000
 2243 | 1.00000
 2244 | 1.00000
 2245 | 1.00000
 2246 | 1.00000
 2247 | 1.00000
 2248 | 1.00000
 2249 | 1.00000
 2250 | 1.00000
 2251 | 1.00000
 2252 | 1.00000
 2253 | 1.00000
 2254 | 1.00000
 2255 | 1.00000
 2256 | 1.00000
 2257 | 1.00000
 2258 | 1.00000
 2259 | 1.00000
 2260 | 1.00000
 2261 | 1.00000
 2262 | 1.00000
 2263 | 1.00000
 2264 | 1.00000
 2265 | 1.00000
 2266 | 1.00000
 2267 | 1.00000
 2268 | 1.00000
 2269 | 1.00000
 2270 | 1.00000
 2271 | 1.00000
 2272 | 1.00000
 2273 | 1.00000
 2274 | 1.00000
 2275 | 1.00000
 2276 | 1.00000
 2277 | 1.00000
 2278 | 1.00000
 2279 | 1.00000
 2280 | 1.00000
 2281 | 1.00000
 2282 | 1.00000
 2283 | 1.00000
 2284 | 0.99998
 2285 | 1.00000
 2286 | 1.00000
 2287 | 1.00000
 2288 | 1.00000
 2289 | 1.00000
 2290 | 1.00000
 2291 | 1.00000
 2292 | 1.00000
 2293 | 1.00000
 2294 | 1.00000
 2295 | 1.00000
 2296 | 1.00000
 2297 | 1.00000
 2298 | 1.00000
 2299 | 1.00000
 2300 | 1.00000
 2301 | 1.00000
 2302 | 1.00000
 2303 | 1.00000
 2304 | 1.00000
 2305 | 1.00000
 2306 | 1.00000
 2307 | 1.00000
 2308 | 1.00000
 2309 | 1.00000
 2310 | 1.00000
 2311 | 1.00000
 2312 | 1.00000
 2313 | 1.00000
 2314 | 1.00000
 2315 | 1.00000
 2316 | 1.00000
 2317 | 1.00000
 2318 | 1.00000
 2319 | 1.00000
 2320 | 1.00000
 2321 | 1.00000
 2322 | 1.00000
 2323 | 1.00000
 2324 | 1.00000
 2325 | 1.00000
 2326 | 1.00000
 2327 | 1.00000
 2328 | 1.00000
 2329 | 1.00000
 2330 | 1.00000
 2331 | 1.00000
 2332 | 1.00000
 2333 | 1.00000
 2334 | 1.00000
 2335 | 1.00000
 2336 | 1.00000
 2337 | 1.00000
 2338 | 1.00000
 2339 | 1.00000
 2340 | 1.00000
 2341 | 1.00000
 2342 | 1.00000
 2343 | 1.00000
 2344 | 1.00000
 2345 | 1.00000
 2346 | 1.00000
 2347 | 1.00000
 2348 | 1.00000
 2349 | 1.00000
 2350 | 1.00000
 2351 | 1.00000
 2352 | 1.00000
 2353 | 1.00000
 2354 | 1.00000
 2355 | 1.00000
 2356 | 1.00000
 2357 | 1.00000
 2358 | 1.00000
 2359 | 1.00000
 2360 | 1.00000
 2361 | 1.00000
 2362 | 1.00000
 2363 | 1.00000
 2364 | 1.00000
 2365 | 1.00000
 2366 | 1.00000
 2367 | 1.00000
 2368 | 1.00000
 2369 | 1.00000
 2370 | 1.00000
 2371 | 1.00000
 2372 | 1.00000
 2373 | 1.00000
 2374 | 1.00000
 2375 | 1.00000
 2376 | 1.00000
 2377 | 1.00000
 2378 | 1.00000
 2379 | 1.00000
 2380 | 1.00000
 2381 | 1.00000
 2382 | 1.00000
 2383 | 1.00000
 2384 | 1.00000
 2385 | 1.00000
 2386 | 1.00000
 2387 | 1.00000
 2388 | 1.00000
 2389 | 1.00000
 2390 | 1.00000
 2391 | 1.00000
 2392 | 1.00000
 2393 | 1.00000
 2394 | 1.00000
 2395 | 1.00000
 2396 | 1.00000
 2397 | 1.00000
 2398 | 1.00000
 2399 | 1.00000
 2400 | 1.00000
 2401 | 1.00000
 2402 | 1.00000
 2403 | 1.00000
 2404 | 1.00000
 2405 | 1.00000
 2406 | 1.00000
 2407 | 1.00000
 2408 | 1.00000
 2409 | 1.00000
 2410 | 1.00000
 2411 | 1.00000
 2412 | 1.00000
 2413 | 1.00000
 2414 | 1.00000
 2415 | 1.00000
 2416 | 1.00000
 2417 | 1.00000
 2418 | 1.00000
 2419 | 1.00000
 2420 | 1.00000
 2421 | 1.00000
 2422 | 1.00000
 2423 | 1.00000
 2424 | 1.00000
 2425 | 1.00000
 2426 | 1.00000
 2427 | 1.00000
 2428 | 1.00000
 2429 | 1.00000
 2430 | 1.00000
 2431 | 1.00000
 2432 | 1.00000
 2433 | 1.00000
 2434 | 1.00000
 2435 | 1.00000
 2436 | 1.00000
 2437 | 1.00000
 2438 | 1.00000
 2439 | 1.00000
 2440 | 1.00000
 2441 | 1.00000
 2442 | 1.00000
 2443 | 1.00000
 2444 | 1.00000
 2445 | 1.00000
 2446 | 1.00000
 2447 | 1.00000
 2448 | 1.00000
 2449 | 1.00000
 2450 | 1.00000
 2451 | 1.00000
 2452 | 1.00000
 2453 | 1.00000
 2454 | 1.00000
 2455 | 1.00000
 2456 | 1.00000
 2457 | 1.00000
 2458 | 1.00000
 2459 | 1.00000
 2460 | 1.00000
 2461 | 1.00000
 2462 | 1.00000
 2463 | 1.00000
 2464 | 1.00000
 2465 | 1.00000
 2466 | 1.00000
 2467 | 1.00000
 2468 | 1.00000
 2469 | 1.00000
 2470 | 1.00000
 2471 | 1.00000
 2472 | 1.00000
 2473 | 1.00000
 2474 | 1.00000
 2475 | 1.00000
 2476 | 1.00000
 2477 | 1.00000
 2478 | 1.00000
 2479 | 1.00000
 2480 | 1.00000
 2481 | 1.00000
 2482 | 1.00000
 2483 | 1.00000
 2484 | 1.00000
 2485 | 1.00000
 2486 | 1.00000
 2487 | 1.00000
 2488 | 1.00000
 2489 | 1.00000
 2490 | 1.00000
 2491 | 1.00000
 2492 | 1.00000
 2493 | 1.00000
 2494 | 1.00000
 2495 | 1.00000
 2496 | 1.00000
 2497 | 1.00000
 2498 | 1.00000
 2499 | 1.00000
 2500 | 1.00000
 2501 | 1.00000
 2502 | 1.00000
 2503 | 1.00000
 2504 | 1.00000
 2505 | 1.00000
 2506 | 1.00000
 2507 | 1.00000
 2508 | 1.00000
 2509 | 1.00000
 2510 | 1.00000
 2511 | 1.00000
 2512 | 1.00000
 2513 | 1.00000
 2514 | 1.00000
 2515 | 1.00000
 2516 | 1.00000
 2517 | 1.00000
 2518 | 1.00000
 2519 | 1.00000
 2520 | 1.00000
 2521 | 1.00000
 2522 | 1.00000
 2523 | 1.00000
 2524 | 1.00000
 2525 | 1.00000
 2526 | 1.00000
 2527 | 1.00000
 2528 | 1.00000
 2529 | 1.00000
 2530 | 1.00000
 2531 | 1.00000
 2532 | 1.00000
 2533 | 1.00000
 2534 | 1.00000
 2535 | 1.00000
 2536 | 1.00000
 2537 | 1.00000
 2538 | 1.00000
 2539 | 1.00000
 2540 | 1.00000
 2541 | 1.00000
 2542 | 1.00000
 2543 | 1.00000
 2544 | 1.00000
 2545 | 1.00000
 2546 | 1.00000
 2547 | 1.00000
 2548 | 1.00000
 2549 | 1.00000
 2550 | 1.00000
 2551 | 1.00000
 2552 | 1.00000
 2553 | 1.00000
 2554 | 1.00000
 2555 | 1.00000
 2556 | 1.00000
 2557 | 1.00000
 2558 | 1.00000
 2559 | 1.00000
 2560 | 1.00000
 2561 | 1.00000
 2562 | 1.00000
 2563 | 1.00000
 2564 | 1.00000
 2565 | 1.00000
 2566 | 1.00000
 2567 | 1.00000
 2568 | 1.00000
 2569 | 1.00000
 2570 | 1.00000
 2571 | 1.00000
 2572 | 1.00000
 2573 | 1.00000
 2574 | 1.00000
 2575 | 1.00000
 2576 | 1.00000
 2577 | 1.00000
 2578 | 1.00000
 2579 | 1.00000
 2580 | 1.00000
 2581 | 1.00000
 2582 | 1.00000
 2583 | 1.00000
 2584 | 1.00000
 2585 | 1.00000
 2586 | 1.00000
 2587 | 1.00000
 2588 | 1.00000
 2589 | 1.00000
 2590 | 1.00000
 2591 | 1.00000
 2592 | 1.00000
 2593 | 1.00000
 2594 | 1.00000
 2595 | 1.00000
 2596 | 1.00000
 2597 | 1.00000
 2598 | 1.00000
 2599 | 1.00000
 2600 | 1.00000
 2601 | 1.00000
 2602 | 1.00000
 2603 | 1.00000
 2604 | 1.00000
 2605 | 1.00000
 2606 | 1.00000
 2607 | 1.00000
 2608 | 1.00000
 2609 | 1.00000
 2610 | 1.00000
 2611 | 1.00000
 2612 | 1.00000
 2613 | 1.00000
 2614 | 1.00000
 2615 | 1.00000
 2616 | 1.00000
 2617 | 1.00000
 2618 | 1.00000
 2619 | 1.00000
 2620 | 1.00000
 2621 | 1.00000
 2622 | 1.00000
 2623 | 1.00000
 2624 | 1.00000
 2625 | 1.00000
 2626 | 1.00000
 2627 | 1.00000
 2628 | 1.00000
 2629 | 1.00000
 2630 | 1.00000
 2631 | 1.00000
 2632 | 1.00000
 2633 | 1.00000
 2634 | 1.00000
 2635 | 1.00000
 2636 | 1.00000
 2637 | 1.00000
 2638 | 1.00000
 2639 | 1.00000
 2640 | 1.00000
 2641 | 1.00000
 2642 | 1.00000
 2643 | 1.00000
 2644 | 1.00000
 2645 | 1.00000
 2646 | 1.00000
 2647 | 1.00000
 2648 | 1.00000
 2649 | 1.00000
 2650 | 1.00000
 2651 | 1.00000
 2652 | 1.00000
 2653 | 1.00000
 2654 | 1.00000
 2655 | 1.00000
 2656 | 1.00000
 2657 | 1.00000
 2658 | 1.00000
 2659 | 1.00000
 2660 | 1.00000
 2661 | 1.00000
 2662 | 1.00000
 2663 | 1.00000
 2664 | 1.00000
 2665 | 1.00000
 2666 | 1.00000
 2667 | 1.00000
 2668 | 1.00000
 2669 | 1.00000
 2670 | 1.00000
 2671 | 1.00000
 2672 | 1.00000
 2673 | 1.00000
 2674 | 1.00000
 2675 | 1.00000
 2676 | 1.00000
 2677 | 1.00000
 2678 | 1.00000
 2679 | 1.00000
 2680 | 1.00000
 2681 | 1.00000
 2682 | 1.00000
 2683 | 1.00000
 2684 | 1.00000
 2685 | 1.00000
 2686 | 1.00000
 2687 | 1.00000
 2688 | 1.00000
 2689 | 1.00000
 2690 | 1.00000
 2691 | 1.00000
 2692 | 1.00000
 2693 | 1.00000
 2694 | 1.00000
 2695 | 1.00000
 2696 | 1.00000
 2697 | 1.00000
 2698 | 1.00000
 2699 | 1.00000
 2700 | 1.00000
 2701 | 1.00000
 2702 | 1.00000
 2703 | 1.00000
 2704 | 1.00000
 2705 | 1.00000
 2706 | 1.00000
 2707 | 1.00000
 2708 | 1.00000
 2709 | 1.00000
 2710 | 1.00000
 2711 | 1.00000
 2712 | 1.00000
 2713 | 1.00000
 2714 | 1.00000
 2715 | 1.00000
 2716 | 1.00000
 2717 | 1.00000
 2718 | 1.00000
 2719 | 1.00000
 2720 | 1.00000
 2721 | 1.00000
 2722 | 1.00000
 2723 | 1.00000
 2724 | 1.00000
 2725 | 1.00000
 2726 | 1.00000
 2727 | 1.00000
 2728 | 1.00000
 2729 | 1.00000
 2730 | 1.00000
 2731 | 1.00000
 2732 | 1.00000
 2733 | 1.00000
 2734 | 1.00000
 2735 | 1.00000
 2736 | 1.00000
 2737 | 1.00000
 2738 | 1.00000
 2739 | 1.00000
 2740 | 1.00000
 2741 | 1.00000
 2742 | 1.00000
 2743 | 1.00000
 2744 | 1.00000
 2745 | 1.00000
 2746 | 1.00000
 2747 | 1.00000
 2748 | 1.00000
 2749 | 1.00000
 2750 | 1.00000
 2751 | 1.00000
 2752 | 1.00000
 2753 | 1.00000
 2754 | 1.00000
 2755 | 1.00000
 2756 | 1.00000
 2757 | 1.00000
 2758 | 1.00000
 2759 | 1.00000
 2760 | 1.00000
 2761 | 1.00000
 2762 | 1.00000
 2763 | 1.00000
 2764 | 1.00000
 2765 | 1.00000
 2766 | 1.00000
 2767 | 1.00000
 2768 | 1.00000
 2769 | 1.00000
 2770 | 1.00000
 2771 | 1.00000
 2772 | 1.00000
 2773 | 1.00000
 2774 | 1.00000
 2775 | 1.00000
 2776 | 1.00000
 2777 | 1.00000
 2778 | 1.00000
 2779 | 1.00000
 2780 | 1.00000
 2781 | 1.00000
 2782 | 1.00000
 2783 | 1.00000
 2784 | 1.00000
 2785 | 1.00000
 2786 | 1.00000
 2787 | 1.00000
 2788 | 1.00000
 2789 | 1.00000
 2790 | 1.00000
 2791 | 1.00000
 2792 | 1.00000
